6   8   8  15  15
1   2   2   2   2   2   2   2   
9.9098  19.8196 19.8196  19.8196  19.8196  19.8196  19.8196  19.8196
1   2   2   2   2   2   2   2   
9.9098  19.8196 19.8196  19.8196  19.8196  19.8196  19.8196  19.8196 
1.0E-06    1.0E-04    1.45       0     3000     0.5   37  1  225
2          151
1.0        0.0
2.261E-04  2.207E-04  1.80E-04   2.263E-04  2.263E-04  1.986E-04  1.793E-04  2.263E-04
2.263E-04  1.13E-04   1.13E-04   2.264E-04  2.261E-04  1.13E-04   1.13E-04
2.207E-04  2.266E-04  2.286E-04  2.270E-04  2.256E-04  2.260E-04  2.265E-04  2.264E-04
2.263E-04  1.13E-04   1.13E-04   1.13E-04   1.13E-04   1.13E-04   1.13E-04
1.80E-04   2.286E-04  2.294E-04  2.291E-04  2.286E-04  2.264E-04  2.267E-04  2.265E-04
2.264E-04  1.13E-04   1.13E-04   1.13E-04   1.13E-04   1.13E-04   1.13E-04
2.263E-04  2.270E-04  2.291E-04  1.763E-04  1.862E-04  2.273E-04  2.045E-04  1.827E-04
2.136E-04  1.13E-04   1.13E-04   1.13E-04   1.13E-04   1.13E-04   1.13E-04
2.263E-04  2.256E-04  2.286E-04  1.862E-04  2.218E-04  2.259E-04  1.876E-04  1.718E-04
1.80E-04   1.13E-04   1.13E-04   1.13E-04   1.13E-04   1.13E-04   1.13E-04   
1.986E-04  2.260E-04  2.264E-04  2.273E-04  2.259E-04  2.263E-04  2.265E-04  1.13E-04
1.13E-04   2.266E-04  2.265E-04  1.13E-04   1.13E-04   1.13E-04   1.13E-04   
1.793E-04  2.265E-04  2.267E-04  2.045E-04  1.876E-04  2.265E-04  2.267E-04  1.13E-04
1.13E-04   2.266E-04  2.266E-04  1.13E-04   1.13E-04   1.13E-04   1.13E-04   
2.263E-04  2.264E-04  2.265E-04  1.827E-04  1.718E-04  1.13E-04   1.13E-04   1.13E-04
1.13E-04   1.13E-04   1.13E-04   1.13E-04   1.13E-04   1.13E-04   1.13E-04   
2.263E-04  2.263E-04  2.264E-04  2.136E-04  1.80E-04   1.13E-04   1.13E-04   1.13E-04
1.13E-04   1.13E-04   1.13E-04   1.13E-04   1.13E-04   1.13E-04   1.13E-04   
1.13E-04   1.13E-04   1.13E-04   1.13E-04   2.266E-04  2.266E-04  1.13E-04   1.13E-04
1.13E-04   1.13E-04   1.13E-04   1.13E-04   1.13E-04   1.13E-04   1.13E-04
1.13E-04   1.13E-04   1.13E-04   1.13E-04   2.265E-04  2.266E-04  1.13E-04   1.13E-04
1.13E-04   1.13E-04   1.13E-04   1.13E-04   1.13E-04   1.13E-04   1.13E-04
2.264E-04  1.13E-04   1.13E-04   1.13E-04   1.13E-04   1.13E-04   1.13E-04   1.13E-04
1.13E-04   1.13E-04   1.13E-04   1.13E-04   1.13E-04   1.13E-04   1.13E-04
2.261E-04  1.13E-04   1.13E-04   1.13E-04   1.13E-04   1.13E-04   1.13E-04   1.13E-04
1.13E-04   1.13E-04   1.13E-04   1.13E-04   1.13E-04   1.13E-04   1.13E-04
1.13E-04   1.13E-04   1.13E-04   1.13E-04   1.13E-04   1.13E-04   1.13E-04   1.13E-04
1.13E-04   1.13E-04   1.13E-04   1.13E-04   1.13E-04   1.13E-04   1.13E-04
1.13E-04   1.13E-04   1.13E-04   1.13E-04   1.13E-04   1.13E-04   1.13E-04   1.13E-04
1.13E-04   1.13E-04   1.13E-04   1.13E-04   1.13E-04   1.13E-04   1.13E-04
12861   0       0       13007   13004   13126   12897   13068   13022   9857
5906    11655   7550    0       0
0       0       0       13253   13227   13158   13067   12823   13165   13627
12481   0       0       0       0 
0       0       0       13301   13252   13203   13111   13116   13355   15272
14892   0       0       0       0
13007   13253   13301   13042   13180   0       0       0       0       13808
10359   0       0       0       0
13004   13227   13252   13180   13323   0       0       0       0       12690
8758    0       0       0       0
13126   13158   13203   0       0       13294   14913   0       0       8274
11090   0       0       0       0
12897   13067   13111   0       0       14913   15481   0       0       4907 
7219    0       0       0       0  
13068   12823   13116   0       0       0       0       5504    8621    0
0       0       0       0       0
13022   13165   13355   0       0       0       0       8621    11743   0
0       0       0       0       0
9857    13627   15272   13808   12690   8274    4907    0       0       0
0       0       0       0       0
5906    12481   14892   10359   8758    11090   7219    0       0       0
0       0       0       0       0 
11655   0       0       0       0       0       0       0       0       0
0       0       0       0       0
7550    0       0       0       0       0       0       0       0       0
0       0       0       0       0
0       0       0       0       0       0       0       0       0       0
0       0       0       0       0 
0       0       0       0       0       0       0       0       0       0
0       0       0       0       0 
107.9097        1.0     1876.0  0.5
2.9239E-05      2.11816E-05     3.626E-06 
0.0     237.08  553.5   790.7   1581.3  1581.38   1581.32   1581.4   1510.2
0.0     144     335.49  479.27  958.47  958.52    958.49    958.53   915.38 
3.134E-08  0.0        0.0        3.156E-08  3.150E-08  3.174E-08  3.143E-08
3.130E-08  3.113E-08  3.426E-08  2.772E-08  3.702E-08  3.050E-08  0.0       0.0 
0.0        0.0        0.0        3.184E-08  3.185E-08  3.147E-08  3.145E-08
3.069E-08  3.126E-08  3.991E-08  3.829E-08  0.0        0.0        0.0       0.0
0.0        0.0        0.0        3.180E-08  3.181E-08  3.139E-08  3.140E-08
3.117E-08  3.161E-08  4.217E-08  4.156E-08  0.0        0.0        0.0       0.0 
3.156E-08  3.184E-08  3.180E-08  3.113E-08  3.150E-08  0.0        0.0
0.0        0.0        4.003E-08  3.532E-08  0.0        0.0        0.0       0.0 
3.150E-08  3.185E-08  3.181E-08  3.150E-08  3.183E-08  0.0        0.0
0.0        0.0        3.852E-08  3.262E-08  0.0        0.0        0.0       0.0    
3.174E-08  3.147E-08  3.139E-08  0.0        0.0        4.010E-08  4.253E-08
0.0        0.0        3.162E-08  3.610E-08  0.0        0.0        0.0       0.0
3.143E-08  3.145E-08  3.140E-08  0.0        0.0        4.253E-08  4.357E-08
0.0        0.0        2.598E-08  2.983E-08  0.0        0.0        0.0       0.0
3.130E-08  3.069E-08  3.117E-08  0.0        0.0        0.0        0.0       
2.693E-08  3.219E-08  0.0        0.0        0.0        0.0        0.0       0.0
3.113E-08  3.126E-08  3.161E-08  0.0        0.0        0.0        0.0       
3.219E-08  3.693E-08  0.0        0.0        0.0        0.0        0.0       0.0
3.426E-08  3.991E-08  4.217E-08  4.003E-08  3.852E-08  3.162E-08  2.598E-08
0.0        0.0        0.0        0.0        0.0        0.0        0.0       0.0
2.772E-08  3.829E-08  4.156E-08  3.532E-08  3.262E-08  3.610E-08  2.983E-08
0.0        0.0        0.0        0.0        0.0        0.0        0.0       0.0
3.702E-08  0.0        0.0        0.0        0.0        0.0        0.0
0.0        0.0        0.0        0.0        0.0        0.0        0.0       0.0
3.050E-08  0.0        0.0        0.0        0.0        0.0        0.0
0.0        0.0        0.0        0.0        0.0        0.0        0.0       0.0
0.0        0.0        0.0        0.0        0.0        0.0        0.0
0.0        0.0        0.0        0.0        0.0        0.0        0.0       0.0
0.0        0.0        0.0        0.0        0.0        0.0        0.0
0.0        0.0        0.0        0.0        0.0        0.0        0.0       0.0
1   1   1   1   4
2   1   7   1   2
3   1   5   1   4
4   1   6   1   2
5   1   3   1   4
6   1   2   1   6
7   1   4   1   4
3   2   6   2   3
4   2   5   2   4
5   2   4   2   4
6   2   5   3   6
7   2   7   2   5
4   3   6   3   3
5   3   6   4   2
6   3   5   4   5
5   4   4   3   6
6   4   3   2   4
2   2   4   4   1
3   3   5   5   2
4   4   3   3   4
5   5   2   2   5   


