           1           1           1           1           4
           2           1           6           1           2
           3           1           5           1           4
           4           1           5           5           2
           5           1           4           1           4
           6           1           4           4           1
           7           1           2           2           5
           3           2           5           2           4
           4           2           3           2           4
           5           2           6           2           3
           6           2           6           3           3
           7           2           6           4           2
           4           3           4           2           4
           5           3           5           4           5
           6           3           5           3           6
           5           4           4           3           6
           6           4           7           2           5
           2           2           3           1           4
           3           3           3           3           4
           4           4           2           1           6
           5           5           7           1           2
           1           2           1           6           2
           1           3           1           5           4
           1           4           5           5           2
           1           5           1           4           4
           1           6           4           4           1
           1           7           2           2           5
           2           3           2           5           4
           2           4           2           3           4
           2           5           2           6           3
           2           6           3           6           3
           2           7           4           6           2
           3           4           2           4           4
           3           5           4           5           5
           3           6           3           5           6
           4           5           3           4           6
           4           6           2           7           5
           4
           2
           4
           2
           4
           1
           5
           7
           2
           4
           4
           4
           3
           3
           2
           7
           4
           4
           4
           4
           5
           6
           8
           8
           2
           4
           4
           6
           6
           5
           7
           7
           4
           3
           5
           6
           2
           8
           8
           8
           1
           3
           6
           5
           8
           8
           8
           8
           5
           2
           8
           7
           8
           8
           8
           8
           7
           7
           8
           7
           8
           8
           8
           8
   107.9097       1.000000       1876.000      0.5000000    
